50
3 9 0 2 9
8 3 4 2 0
2 7 1 3 0
3 8 2 6 0
2 8 1 0 7
2 7 1 6 8
7 7 4 1 1
2 7 0 1 2
5 7 1 6 4
4 9 2 7 5
51 47 39 15 77
88 96 24 59 59
21 92 5 40 14
30 53 15 49 94
40 79 39 78 43
13 84 3 9 91
31 96 24 90 82
68 62 31 57 84
90 90 66 68 68
42 98 41 96 69
15 80 0 74 839067948
96 49 46 1 970994355
88 56 37 53 939384090
36 99 1 48 975189518
67 57 66 28 931163725
89 38 69 30 974971448
17 30 11 7 905423754
18 65 6 62 831760990
11 40 1 24 827164551
28 42 1 1 918989459
13151 14020 4319 12282 8386
18204 17713 6366 4003 10885
12826 13569 9083 6430 7176
11672 12046 2886 6300 7220
18612 17051 1903 12875 8227
16934 15338 4802 6489 9932
11019 13719 5920 6757 10973
16042 10054 12534 9950 7466
16923 13894 10297 435 7532
15563 12865 2814 11857 10225
573822799 298244501 484799678 237427178 937349431
346736503 666668468 62698116 497654415 945999036
287659054 315045435 270148431 64263710 808747285
626618080 215719753 209923691 7551365 885180821
549764157 972498041 302886911 579924544 937289234
879656600 602320107 11238899 222020424 896759645
406056676 150679682 64720766 130345768 881084864
484869930 137754808 108273612 112473740 987925575
946268720 181216458 55487362 151238453 945480168
664234647 421505907 68495980 409640617 844777025
